# Created by Octave 3.8.1, Sun Oct 02 22:12:51 2016 EDT <wyatt@Wall-E>
# name: bias2
# type: scalar
0.366259241173644


# name: W2
# type: matrix
# rows: 1
# columns: 504
 -0.005541968361491984 -0.01565393625833084 -0.05098726567838214 -0.04149571282239053 0.02624570851970503 -0.04645639632425995 -0.06026159951068194 0.0203632991814981 0.05047009736433631 0.007686181789616497 0.0006655847498257716 0.03688667551241424 -0.05412663268295994 -0.01570323592902942 0.04087005289301522 0.02634621979762462 -0.002292718852545584 -0.03509208507785894 0.01390314269099729 -0.03450221280508774 -0.02145527849851226 -0.01292675398754847 0.003701940662397305 -0.00509820241855845 -0.04835056463728687 -0.0392838330696003 0.03953471284031727 0.03582491159488255 -0.03941912333698296 0.0112035744116711 -0.01623636272846319 0.03946140477307384 0.009699234530321163 -0.04839421162798355 0.02292757574928912 -0.003145281850384313 -0.03466914893824482 -0.02883634728744984 -0.007552658156007753 -0.04212251171389923 -0.02126635842883725 0.0004411375991077546 0.006427844829312242 0.05037517516818128 -0.03232902900829256 0.03142615950866021 -0.02137912234258904 0.006142201068588041 -0.0310894517818848 -0.04032132281050512 0.02000673102547737 -0.02162290682877952 0.004007655768079857 0.009186114377326887 0.03052966850225469 -0.05786058706756005 -0.03240103682442461 0.01924497927934045 0.01226153655157141 0.02653772021771404 -0.02457112238607728 0.04719060003141397 0.04690714324148527 0.01282467442217018 -0.05344284041947826 0.04103388909034347 0.03905523072859958 -0.05186476079975445 0.02359685854970901 -0.04789582982225583 -0.0006000986293133596 -0.02558316750977417 -0.005924502239515956 -0.04306871502610474 0.01163107279531995 -0.05829280708820169 0.0005132260021417094 0.03209947782308661 -0.05607909247481425 -0.04752222961629741 -0.02698757483367021 0.04675010268968043 0.02853186675649848 -0.008330697409531816 0.03777614605502178 0.01445108545120896 -0.0495659611309306 0.01166823358328548 0.0435180342082935 0.03787345065071612 -0.008198120703137178 -0.03575579014971243 -0.0502515221651284 -0.01452780816732793 -0.05008520316838026 0.02670397577257313 -0.008069829484330797 0.04693540455917569 -0.01800818586615083 0.02984361732678251 0.05606661666835926 -0.05517688225354545 0.03953040960707977 -0.01647248250961858 0.01723703490471609 -0.03661460326869487 0.002194609374999441 0.04866576436555996 -0.03734537607453261 0.03702612755112188 0.03372621254464502 0.03062219930050056 -0.05321519490764916 0.02219084085837301 0.03039021000246352 -0.006066526031350263 0.03928202977124259 -0.02061852362378864 -0.02532375293483974 -0.0600283691686895 0.01429229869972981 0.03149921584754255 0.04078859907534649 0.05048172094179236 -0.05739770058947955 0.04647117162582864 0.002850938538900117 -0.02255124101792551 0.03884361579708154 -0.01859851251830037 0.0279598984266999 0.02365255802393946 0.02719010777303482 -0.01474764662799531 0.01463073459332939 0.04479719954614325 -0.05416764950098972 0.05109859787356739 0.003566389157273575 -0.01192845752094631 -0.02967788038711524 -0.0386848479616743 0.005180667986055007 0.007693254756375659 -0.02772920358586789 -0.04622328441197016 0.0120263126215396 0.04329016936523731 -0.0474056115541352 0.05197780993444186 -0.03220973364131011 -0.006411366227755988 -0.03482634410795755 0.003773207965797187 0.01502832929059653 -0.002067790648636481 0.04496767267221569 0.02080210541366496 -0.01424296347796555 -0.05509186178322421 0.01846463333874304 -0.05599752320175528 0.02609766071400362 0.04585184849859532 0.02419336825603362 -0.03177341392702106 0.02567957066685939 -0.01160741344481884 -0.04817937054206492 0.05620373590116129 -0.02468323553092083 0.03301766491346035 -0.03054314382241981 0.01137712114495562 0.01709456252002757 0.02756647978715827 -0.04206428094150505 0.02578792074441361 -0.04046422657843533 0.04312579662481694 -0.02808856060224548 0.004605822713280628 0.02680753775192536 0.04462685429190306 -0.01870966665374921 0.05342900248020547 0.04995044145357331 0.03741685954462766 -0.05780562505694899 -0.001295835985138743 -0.007196792935936299 0.03922865508324061 0.04394777717558761 -0.03112485173095089 0.004752695334820947 -0.05322085067445382 -0.02788215262929068 0.03979914926411408 0.008585168396859142 0.0185624496159668 -0.009964041587392176 -0.01302741507359267 0.05529716210155002 -0.001331313488918121 -0.01573167869194654 -0.05769698388506078 -0.05595184783602438 -0.00706128030801024 -0.05707069239996524 0.04946016260092303 -0.02756423262987775 0.03046714195303943 0.04622748309569906 -0.009463879750351496 -0.03112724551640114 -0.0513227674027074 0.0440142778613694 -0.04882641404155728 0.03394507250018954 -0.05618581776989609 0.01439214143109534 0.04950457736646591 0.02018068012904572 -0.02802600932309128 -0.04778101213001305 0.003246845495238974 -0.04706173578880348 -0.0395581478439978 0.01495776621593478 0.04331317715803334 0.0005924051829836105 -0.04908331773076467 0.02067675490473626 -0.04141477739258946 -0.05707599404311572 -0.05017728393253584 0.04362747466158579 -0.02012015129545482 -0.003133211522205383 0.03787124531849125 -0.0201469436345373 0.02709295422422923 -0.03963941022624076 0.05335994547716254 0.01508041585310042 0.03562596832046129 -0.03094184824239848 0.007068911339808135 -0.008199962393946228 0.01854152139349398 0.04210408333091389 -0.01087382415413196 0.004371994057160864 -0.03955373364143082 0.0001981636218590467 -0.01921628222400358 0.02642089369617289 -0.05743533173712772 -0.03409951659957472 -0.05742726841006116 0.03931563178117382 -0.04378549647337398 0.0393991411133605 0.02507861156563069 -0.02882919608345203 0.02061675204109357 -0.04430913055298657 -0.05979357535753328 0.004949359280725132 0.05437026438915632 0.04415596288465933 -0.05828625737915545 0.02291519744054549 -0.02494189448010975 -0.004530363907811862 -0.02783979627019647 -0.03422514326302352 0.02206442510692139 0.01132958402756996 -0.03468957930731149 -0.02744079580851204 0.03109673371550232 0.008116741090610698 0.05110790640283996 0.01891995744722268 -0.04581657255204998 0.02029895338040404 0.02021482554422933 -0.02739226215981106 -0.01836222286359102 -0.03330380146900376 -0.01737946567954668 -0.03068250852275625 0.01291135292871376 0.04998628800871108 0.02704076245942799 -0.04529150091144258 -0.0196418602783188 -0.05736455709117317 0.05517450626938703 -0.04037001723235185 0.05036232123874537 0.04418994348089138 -0.03265328111120622 0.05023202348074344 0.03258386081961522 0.01221273336918083 0.01643007491568436 0.01476946964514251 0.002570536175514455 0.02875337220293194 -0.0325850242407487 0.05592756517617364 0.03882900498678667 0.01690164637027646 -0.008180824982416955 0.03349181078725064 0.04274735282272335 -0.03246427510045818 -0.05007359848207014 0.04598075475239937 -0.01636258960149609 -0.02346058299042958 -0.01490014961964923 -0.05774550618357441 -0.04732348941919467 -0.005000073412377056 0.02172183008747723 0.03324173483109963 -0.02475429025884482 -0.05132285668974138 0.0450621562623251 -0.0305638096565608 -0.01131384452695237 0.02158661214674313 0.05149771414787917 0.04764247491066759 0.000558117225447943 0.007199167884047407 -0.05744328556347093 0.01992866348835848 -0.008576735129059293 0.05374630308785659 -0.01818102498020128 -0.0539281313714967 -0.05082742336807547 -0.04023338279972955 0.05097840484076688 -0.009217459959286963 0.0105260489450813 0.03864292047976411 0.0315084039898285 0.002031132735416119 -0.03101066536525212 0.02945225687833301 0.05020758165554086 0.0155430287467731 -0.0206983928449779 0.02465548881216648 -0.03468958770807026 -0.002104393808602288 0.01001791271643003 0.009584880589858673 -0.03470341703438334 -0.05952057915780903 -0.01068725353638706 0.05151688055811892 -0.01451380067817631 -0.01825630294014903 0.0128316600005776 -0.02415388588710704 0.01727070496477794 0.04854035866909032 -0.04925626730853159 0.006058326648850114 0.005975106009328271 0.004873837853639732 0.03627826925608676 0.01619726168705444 -0.06088971126085792 